6.461358370940943
6.005103945785038
6.323582873335977
5.969571737710134
6.4139906791591255
5.668103707307872
6.1923086006265455
6.328938180181972
6.64293080860302
6.0491383368067595
6.664308625110118
6.441806694793009
6.968400462599093
6.535847973081663
6.943246554593424
6.3341463957654645
6.857465097991454
6.386279845218338
7.111137912954826
6.8561043820253555
6.534754605169679
4.93936646506947
4.442385162647578
4.696348777083213
4.431940450384652
4.7536112103413375
4.112288963130327
4.764738131259499
4.766015799109063
4.994296304300831
4.617530729225081
5.156592356240754
5.1216264273033705
5.287718519842845
5.0743248206604585
5.177342807910067
4.9561904535751955
5.3777924761862845
4.991619425537918
5.601768570533818
5.292108242054885
5.171089674062221
3.9615736531582244
3.45475654387581
3.537113404495043
3.5002673070549055
3.7492685414424933
3.2628583853952655
3.8234342417809177
3.6833965492154284
4.0119284620180755
3.663330998574862
4.082486821588361
4.153029366505284
4.191917371561251
4.1416396180544295
4.165754123712578
4.0077736563196025
4.4064991242548315
4.101029678140679
4.563275972068066
4.3541809397315685
4.377531957375034
3.381364847686914
2.811922488651996
2.7386780718828927
2.900955364777606
3.066235626291281
2.7617457098185363
3.2099931661322656
3.07426893477842
3.3530090873209075
3.147446625451321
3.3867407403210015
3.5449759181395915
3.5735099453589165
3.624984116268589
3.614979204881465
3.586099721128203
3.8156002809234426
3.64239423079219
4.009506461774286
3.863826384940297
3.900424874105078
3.0191652143006573
2.4001579226455116
2.3119982952923652
2.550011825663505
2.6998263388521457
2.4163551456078496
2.7221106431594433
2.71716649150386
2.9465288468363853
2.8262289297004126
3.076508978983533
3.1287654934294413
3.192429961839712
3.220347114956841
3.3726265078075253
3.321846011128434
3.3893824710782448
3.3267366482760963
3.6671992923165253
3.491188780020939
3.6058885869143675
2.7683427938910254
2.07342277484079
2.0316069921151234
2.2293907026771027
2.3025879980663175
2.2160311776481905
2.4402045645337074
2.427824533573383
2.7140123816591153
2.611399064605447
2.7554982107726445
2.880140448662568
2.9310425524792576
3.039254328324612
3.055426028128752
3.1240478459821723
3.1996356888082156
3.1798708371960087
3.3981142729888987
3.3033518688185377
3.453993605939664
2.5646550169948448
1.8665376771142328
1.87701858929153
2.02034635511959
2.0311234994292944
2.043862969913319
2.2599108859169235
2.233003717660861
2.4954218103397885
2.420180838219969
2.545321677030232
2.613873623538799
2.696030643915645
2.804092995210025
2.847493859517504
2.9283857316472144
3.036131788766459
3.013393584913229
3.147767087338272
3.1517040011283766
3.261499003885623
2.4873945737594836
1.7694394796073392
1.7854824720624998
1.8560614663397672
1.9084858424272975
1.958280836686774
2.1644556163928352
2.160198994894788
2.393019578795389
2.344201778644642
2.4917613090388975
2.563661998518364
2.647797752685133
2.7112848705200983
2.8050406143904603
2.8458653302508576
3.00255586498051
2.973827597065376
3.045648698306424
3.1057573401580725
3.2150640334241465
2.3883061665329217
1.6289961856529853
1.697010024035118
1.755646665309749
1.8391900306808904
1.860096475862533
2.0237320701082937
2.068476168439871
2.2708420481334763
2.266867309253658
2.3788809060726632
2.4489225808612534
2.5446256720905915
2.608489654810519
2.714343335538541
2.762896821873236
2.876553224509866
2.90122507561686
2.960234552718433
3.0330564091013836
3.1260381199885146
2.318394076999817
1.5243102863485891
1.621955938126779
1.6595511514206898
1.7598546006911777
1.8143134949180626
1.9708851307784208
2.0196893886674157
2.1658876248332306
2.1860738961849515
2.2918268078257706
2.383604075860512
2.4733712923271125
2.539481843457977
2.619312602106728
2.6981443841479313
2.8237581739022244
2.855629479190385
2.9146594331640663
2.9774473086349156
3.068124627409395
2.286750846040734
1.485625850649491
1.588854601713999
1.6413332751339798
1.7495704040705986
1.783298804260489
1.9283088782393363
1.9824053400627217
2.1610468556966413
2.165360560995944
2.252311047355957
2.3378062099681327
2.4401922576416504
2.496347069690216
2.6021057911142838
2.652783710362674
2.778671147137587
2.8147569807733945
2.8875486198554556
2.9623975523510793
3.024291963741049
2.288883381956826
1.4946026605971217
1.6128254274200708
1.6344500178110761
1.7947515581100548
1.8071469871321406
1.9406256146360672
1.9703598035623646
2.1594834462673456
2.176906377383001
2.2421462822540965
2.3566461932624114
2.439160133514787
2.4999810588214255
2.5832298078112093
2.6388639934730658
2.7662256394850617
2.8190690087344366
2.8827743307723366
2.9449435246175755
3.013475773470869
2.2022187653202607
1.4260790017455727
1.4869733908809364
1.54812671718717
1.645085365441935
1.722728659776806
1.8401818377348576
1.893930632172391
2.02786848951103
2.0743464936279015
2.1509212693367963
2.25619538771897
2.34326528511116
2.411014513905549
2.504202634536997
2.595042791324847
2.6942551901221243
2.768546753733624
2.827709261606674
2.8805640940752766
2.9473375368546013
2.236412486828648
1.421271362227503
1.5291611355323287
1.5947914266852987
1.6977799793163564
1.7716501526700779
1.886976645570425
1.9398767810656226
2.0888680352918336
2.09995650010325
2.192038124513596
2.288638808987382
2.3691061418433277
2.4492636053076517
2.5402555071736215
2.614694581013755
2.726223656100073
2.787592181280291
2.860550702966964
2.8977747096399895
2.971779699283625
2.177210173956399
1.3783323778170053
1.4533359998961142
1.5169771899127127
1.6183896564130373
1.7091623138513268
1.8202823772656644
1.8561770533577657
1.9887670926979246
2.0466335100751167
2.141721442496786
2.2394265545638707
2.32204008000802
2.3902493497543746
2.494712480623572
2.576523370734641
2.665919815421106
2.751730914489774
2.810007045335884
2.850457412835852
2.9133574415774226
2.161481712131866
1.356350035077256
1.4379493083925359
1.503014259575637
1.6123290412812026
1.678890505600793
1.8055934875997968
1.867747452842046
1.9742940311661255
2.0350892291618004
2.111707186856841
2.2260282695822164
2.3052750093645793
2.384688585727666
2.4676264856066554
2.5483678801204532
2.652737497378134
2.7268094572131463
2.7932315875674334
2.8378313846288767
2.9040735478941264
2.120520160577368
1.2944986805657168
1.3676911512336825
1.4486214268658941
1.540496142405372
1.644640880289728
1.7461438235699231
1.8112366582309674
1.9296681634490012
1.996659445023865
2.0805297666582443
2.1828315188817675
2.273724192624966
2.333886986110986
2.442032965552724
2.530113467774551
2.6104623072350996
2.7074972170652667
2.768810003070948
2.823948789541212
2.876909625397436
2.1631967654948756
1.355989115566972
1.4591009508196846
1.500738573855188
1.619879091931709
1.6944960870979902
1.8142712402608265
1.8640371021303215
1.9697000722656257
2.032891777390214
2.1063770494365426
2.228253567583209
2.2923376096740062
2.3930935534101097
2.4742378766942985
2.555082418063688
2.6470097900643323
2.725051747016461
2.796938629662958
2.8370863720526005
2.89736268492077
2.138325777836239
1.3185866488424043
1.4201531774831662
1.4913135286428278
1.584572911593354
1.6667379926613692
1.799923381101846
1.8571840236108716
1.9566951817331593
2.0152225943437454
2.091710651441861
2.185358085887632
2.2862116967083885
2.3428250285138015
2.4446024976957816
2.5304241993831496
2.613759954209346
2.6973292845564
2.769402273989924
2.819776734205026
2.874725710120719
2.0779546818456978
1.2457049388203936
1.3132241621732104
1.395064119788778
1.4907684356228208
1.576186651565054
1.7087046411901579
1.7759673853348368
1.8913481571959812
1.9546838517602656
2.0333793303960164
2.1374950949403586
2.221704125340972
2.302951997286203
2.4073788681792947
2.4950199857110307
2.573703704493426
2.670327313261472
2.739067952269174
2.782305671363746
2.8441072502207634
2.0543896863853326
1.216209309609122
1.2859237094607752
1.369453025202489
1.4652804051765278
1.5528002229573465
1.675133213781768
1.7546702472145712
1.8711259428064178
1.943609945563715
2.0179012025456218
2.107971569354131
2.2058157502435254
2.277866585935047
2.380827045659914
2.475824809825384
2.5497479339182565
2.6440887442766523
2.710224776787466
2.7628049572112374
2.8205143301766844
2.076493285655384
1.2678360262990493
1.322626794810535
1.4180981691305006
1.509731406992327
1.590237036663382
1.7137925224284056
1.7870253859477028
1.8820078973169334
1.9650432422250588
2.030727374569086
2.126518715862663
2.2086972446831887
2.2964669609579174
2.391547072388572
2.479047888325426
2.5633110481070354
2.6521261232273003
2.719166087171019
2.776265224838112
2.829593491163468
2.046173040777101
1.1944744954887607
1.273154598471247
1.355505739721137
1.462623824353013
1.5508668238779757
1.664190056796821
1.7445582866824971
1.8625166038482879
1.9313050006915347
2.0116672051310727
2.105798877553492
2.1926078871290944
2.2723688536878006
2.378074294647894
2.4612487447194082
2.5434964255515986
2.6387647435384034
2.707331047054005
2.7573976864332534
2.815509620164722
2.0490128437935686
1.1827239399809786
1.2725517738183734
1.3738227228522115
1.4643381564972788
1.5555731007789346
1.6814909124442687
1.7526391162102732
1.872594316915264
1.9364175922439801
2.0170983496373336
2.1146018180175035
2.187190309377859
2.2682086352550326
2.376794792120507
2.4584574684370284
2.5477148026933945
2.634934629740938
2.7067683726634986
2.759459914383455
2.8168761518032635
2.0432774872107187
1.1780372108583035
1.2453529157276142
1.3429640522853596
1.4315768900489725
1.5346872789580817
1.6531706002845308
1.744293511979542
1.8611054850951527
1.9294485030840056
2.0164967439348627
2.1124920938202956
2.194098531923386
2.269485232543012
2.3725380377037144
2.4713792743151717
2.5517881328958674
2.6400824577278756
2.7114360089322638
2.7725572395675657
2.8325595425287835
2.0552680721276273
1.1953438288199247
1.2935051889209817
1.37178498015799
1.4650042014037994
1.5700657264740852
1.6851877856415327
1.7734991267908626
1.8881298786711334
1.9362475214979007
2.0210867889631245
2.1150694129340852
2.1929675374232804
2.2831864813218323
2.374508745721976
2.4638023330694723
2.5553999454493237
2.6320712884142856
2.7098313996055756
2.7615691948232426
2.8171000764481304
2.0487245559948613
1.213542981977801
1.2832293976487308
1.367917484440974
1.4608356069945458
1.5570048954739037
1.672628131837817
1.764698359999041
1.8737761465508307
1.9330975921940674
2.024860522105657
2.1066101305762954
2.1842497853402336
2.271759999124842
2.380772967584617
2.442327903487025
2.5421517199146404
2.621099320864918
2.698251926604225
2.7629662031033932
2.8127100440736714
2.0143465749587484
1.1374161128988143
1.233814734574871
1.3196205370704557
1.4078334579008502
1.5120348802495627
1.6319970130919461
1.722328878723451
1.831345425176993
1.9079133160017525
1.9740151766946097
2.0721048242895965
2.1584329257825643
2.253202348147999
2.3509030457382183
2.431093763285845
2.521168749697416
2.605337754873252
2.6863925434961704
2.7370781437010545
2.7928978677795446
2.0160776352226635
1.1602602944650913
1.2290022616911895
1.3329589879398298
1.4171323520221035
1.5110795206450072
1.63598796431503
1.7257556003666112
1.83735178308779
1.9118125286075953
1.982353808397192
2.0676628181258696
2.1495772305903316
2.2445498574561915
2.3535088185078137
2.4348480008011903
2.515349181439255
2.60245969164503
2.678918182661515
2.736074696864056
2.7949091248245748
2.0469752541996415
1.1862285703329312
1.2689637482237914
1.3606949125904104
1.4578767484262887
1.5484526545854937
1.6707256172678522
1.7625311435539612
1.8747144231837187
1.947070424043675
2.0121560633616413
2.104581433746881
2.176038838281706
2.273875717375437
2.3797196830106135
2.459345087569776
2.5499968898132614
2.628024263007376
2.709850502268846
2.7597392413287096
2.808919122020458
2.029661349047135
1.164039814529475
1.2501299004706743
1.3362380350061067
1.4186144827755562
1.5306614311418156
1.6496280221989525
1.7411156987646417
1.8468697883206917
1.9137259761855303
1.994626465620508
2.103577238254306
2.160094928798891
2.269887177590897
2.36873601300799
2.4409934547242456
2.5381802017916804
2.6226418095148625
2.6848510951267484
2.757338899164384
2.8012765479547572
1.9990397415880063
1.1070604066580716
1.1986058543947686
1.292616887510948
1.385271172256088
1.491557854644408
1.6062152802522562
1.6961679798008333
1.80868692445575
1.908867146853773
1.9690111963539134
2.0639385384740754
2.1502869585972815
2.239638630216114
2.3399993298524207
2.431427558054589
2.509769661745315
2.594463316978535
2.6704032475741144
2.7361685834335434
2.7806383036533253
2.0181712017727245
1.165226894130549
1.2385092664304787
1.3300874942675542
1.4086428418202375
1.4987255668960975
1.6550960903134904
1.728622284706253
1.8410392468893868
1.9065443564506657
1.9810105676584207
2.069401923008883
2.1407109419124066
2.249959662046332
2.350134752383028
2.436846891937425
2.5346193591808954
2.6019544944249766
2.6953558448282564
2.7335981690128426
2.7973373871563156
1.9826998280236832
1.1030078757207054
1.1771657085168423
1.2686037057316695
1.367671494867803
1.476023514439097
1.5950837924732044
1.684709620653268
1.8024803836203231
1.8743082757297724
1.9551414968203245
2.050452547346536
2.127899760687993
2.2207032322821014
2.3208731788741157
2.406607065466502
2.492499945799607
2.5828439916060364
2.65394512398624
2.723521148517795
2.7704546973337276
1.9739165002485302
1.1133571470012757
1.1732664288439998
1.265953210000262
1.3591574540234352
1.4538653099078875
1.574997854201638
1.672938461510901
1.779095820993643
1.8671456418454149
1.938734966077875
2.0363077330786057
2.116063121130547
2.2032966022661618
2.3119756847507027
2.4022586297024615
2.4928223845716255
2.5757097054550764
2.664642371576837
2.712767583050383
2.7639738949818686
1.9689769033029467
1.0828279708904416
1.165158372692339
1.2615952230683465
1.349532990315428
1.4542355388625485
1.574171995299211
1.6797132713070988
1.7788118297493627
1.8608799186869314
1.9440715641810429
2.03439945931806
2.1163338880532794
2.20426981880742
2.305962376823789
2.3927895657558413
2.486107122473642
2.571214988046459
2.6498751645364758
2.708198899999192
2.7593881071920223
1.969169104961378
1.0685111718344535
1.1557691240465398
1.2473333648944418
1.3515612709382863
1.4551634564436433
1.5652425061848536
1.6703924361230669
1.7948226818413087
1.8713100846386657
1.9360905940650786
2.0380532140017142
2.1202982110865176
2.2102741335122142
2.3207320430389027
2.39424349914588
2.490515051809659
2.568930526069626
2.6535381755045573
2.70938331669039
2.7612172373577586
1.9611307815146488
1.0588541528782545
1.1516535738186755
1.2408734288474343
1.3421789446340928
1.4469173360412566
1.563524407685199
1.6662517964686463
1.7728648318311182
1.8513964329029011
1.9335201521217862
2.029242342725997
2.1011491119546544
2.200562957109167
2.313558028937307
2.3888288697800317
2.480623425571351
2.5624598524815254
2.6492923234211667
2.7082712074432087
2.760592453639203
1.9684995504158131
1.061806231825947
1.14483796314597
1.2536579410182371
1.331626123197284
1.4426974979048324
1.558546201935769
1.661446144830227
1.7846764413540457
1.8610735208673859
1.944233858814376
2.035865202769142
2.1169499210512686
2.2166265000486094
2.322023059368768
2.4076710243434865
2.4953782422651067
2.5848206776972664
2.6601196079722467
2.719611673522266
2.7663231743840284
2.0428203757111736
1.1953110288286746
1.2667781614359739
1.3729452345027404
1.466448314794755
1.5549776476310218
1.6670546310112273
1.7605007129214476
1.8562679857384285
1.9301450276253487
2.0058075989725648
2.1179674533098667
2.1817243821984795
2.28055602549251
2.3633525588318807
2.4452955123336575
2.5387216175059284
2.6147982235665634
2.686923613348903
2.7479642878332586
2.80286749634024
1.9844143945139894
1.1136729451324918
1.187325596632792
1.2859963977835258
1.354776259655735
1.4715361003562402
1.5834482228982814
1.694089699545839
1.8098179473633167
1.880622367211268
1.9448084527197484
2.0419103268213514
2.1100344319007394
2.232865112045238
2.319612683910617
2.4027916471162953
2.4977516282430923
2.5863369966023653
2.6727333307646783
2.721990984896082
2.77616675868009
1.9501278292354987
1.0448433493285791
1.1275769287484314
1.2323470437522825
1.329807141068022
1.44127759293457
1.5486911516619717
1.6612836801845086
1.757874994607616
1.8476156158232626
1.9218906490669376
2.0232808730891145
2.0939737280124544
2.1836664898419054
2.2946915601030864
2.379762988563427
2.4733034654570267
2.560352973568351
2.644917725147851
2.692450545243921
2.742948088506652
1.9647577054309462
1.0773986430966724
1.1718709316563878
1.2633499289217547
1.3435266919537574
1.4471167515518808
1.5729325513341754
1.6764720594577658
1.7816162543099243
1.8618929457846798
1.9319824199265914
2.0232128037605297
2.097335259799267
2.2061262784583295
2.3063978062870563
2.3771158415142604
2.482238468623171
2.567732999901914
2.6512375231751824
2.699082079422563
2.7565158696830663
1.969988898238712
1.0806278352950889
1.1675027835560745
1.2619156075316253
1.3580053434796215
1.4630382347889477
1.5712240025385942
1.6745703044167444
1.7849940678754135
1.87022627424505
1.9462179514422362
2.0297333481394024
2.1064966872514694
2.2042666526110106
2.3103981587361457
2.3925341795939303
2.481431190625705
2.569962872220213
2.6524874970211214
2.7101559813841765
2.763988992021668
1.9406938851418698
1.0127608027200061
1.111139378374766
1.2082124605542297
1.301004071728449
1.4181849532551514
1.5342057771686153
1.6453294284499163
1.749902777785248
1.8372508707790856
1.9201706130065255
2.0110008497844896
2.0910782882260266
2.1832603412284954
2.296232811675316
2.3765721044668586
2.466753999995777
2.5559719404406485
2.643103900734715
2.7004988684823243
2.7512434639807477
1.934258216323337
1.0162425123409604
1.1070288096691052
1.209035521643448
1.3120860254064213
1.4148465338927425
1.5364929742835176
1.6345011681456048
1.749830273473422
1.8251897266341126
1.9093071005498745
1.9997617269246264
2.0785371384972056
2.1741805929345106
2.2809971608599104
2.371429165051709
2.466228094518282
2.5484202096175173
2.63244215464982
2.683714311168214
2.7348931262057294
1.9382300701328858
1.0239174633144694
1.120229175982091
1.21131602256594
1.3066840739427
1.4275579687540303
1.5391338537965824
1.6457105239970806
1.7524724616693128
1.8363238615544437
1.9134657487648958
2.0039345300525895
2.090463107182281
2.179035932798861
2.277459053885341
2.370303469963631
2.463524436201897
2.550467500786027
2.6298290131151236
2.6858024642115352
2.7369707401188816
1.9410900389846055
1.0195303975162415
1.1100837707029596
1.2075382784621247
1.2997677673044075
1.4078336099866198
1.5270902274949003
1.644513709286501
1.74673397184458
1.8440228102491367
1.9191643427397835
2.010053309680859
2.0864292753253877
2.193494699094132
2.293168161817783
2.378378166224477
2.4741973017969547
2.557965890566151
2.641712309931193
2.70195118468896
2.758171594978962
1.9513338994331537
1.021303978985398
1.122002056307932
1.2093864738576205
1.3121119140203517
1.4246311952340376
1.5323370238251923
1.6579578551142462
1.749512879292194
1.844146884109374
1.9258562754736028
2.0249111841093805
2.102568872293278
2.2081922013057884
2.307348062639902
2.3932687612415293
2.486609606381448
2.571179214275498
2.65587068912425
2.711759859301092
2.7657230017709566
1.9529460336756
1.0435811698616202
1.1349484336328768
1.2421307677709865
1.3332116488573367
1.4436588510682433
1.5575980511912941
1.6684446741351089
1.7699543702944982
1.8493599097213602
1.92357041938436
2.016901444421595
2.08974527937805
2.1964050289817796
2.2923675650225195
2.3823940250394906
2.4687512033685772
2.556959146716591
2.6420807273318028
2.697317382829949
2.7495405745039605
1.9374586603067865
1.0082822749475329
1.1084922957373413
1.204722801992458
1.2959708600001993
1.416042835634221
1.5287008142661556
1.638141937313829
1.7475503850060925
1.8388967324031962
1.9137133562458613
2.0093392571792372
2.0897106294405945
2.1881959236551687
2.289736333493202
2.371694306733033
2.474418383854846
2.550344575274601
2.6323110884187773
2.694284677755863
2.7486237367835273
1.9336918891908668
0.9949738778881538
1.0878267680271037
1.1958298309137858
1.2942919398326904
1.4049381414321174
1.5208987544247803
1.6308843664654054
1.7358179958493527
1.833581963215246
1.9109691434512004
2.0099712236385834
2.0900363406176354
2.1865231429226206
2.2922415942843783
2.3800899096158576
2.47252357366901
2.5518933927051375
2.632792903261861
2.6951533124841047
2.75259960911831
1.9454498387699768
1.0175116688356916
1.1138144159691266
1.2182054605655979
1.3058629217055404
1.4137533617141476
1.5308322026660546
1.6475662455979994
1.7550492894215617
1.8462030225682093
1.920914477992693
2.0098081082460437
2.09441853487265
2.1881203952819313
2.2984741455832167
2.3889208943566373
2.488723114320015
2.5607519976915443
2.647815328462367
2.708931715694648
2.7533194738538644
1.927745865629705
1.0212719703831379
1.1045453499158335
1.2191322122512442
1.2997714496336692
1.4121996905083256
1.525170730524854
1.6326126653969533
1.738827907433365
1.8286921439646133
1.899086983950581
1.9888232389153022
2.065851720546115
2.169598799202107
2.267742411016101
2.3536335519652805
2.4506643598754887
2.5374761446897183
2.6266608848867667
2.679495205272695
2.733659892261947
1.9447547585280778
1.0409057904091246
1.1220539274647943
1.2174474980606007
1.3136832685328832
1.4326594748862864
1.544178464596974
1.651360541131892
1.754357823503306
1.8379592265806073
1.9132270644011702
2.0156517762818504
2.094393682446624
2.1820174474714773
2.294390994913913
2.3756612418462435
2.472742661038142
2.555241519361191
2.63827263087886
2.6920105579877425
2.7468795787678753
1.972441322872827
1.0729917149948058
1.1604151271242598
1.2618302345157788
1.3480967187868194
1.4602104517880456
1.5746481198605276
1.680785776486992
1.7796300173347557
1.8646910105865049
1.9431244454782957
2.0366983994049326
2.1144777337136236
2.2147292485501033
2.313050597388293
2.4005067668286593
2.4934290555230394
2.5726771196928646
2.6638580194158665
2.718190190938505
2.7747857090438637
1.91756965934925
0.9839575098949576
1.0895082739020427
1.1889069799817007
1.290502035779646
1.3993703558984
1.5100464774642721
1.6265100806888477
1.7287945401964757
1.8150380130326276
1.8967375941520714
1.9851236599919067
2.058332873542883
2.1581871641094352
2.265628863652129
2.3497781514999136
2.4489943904465945
2.532541797580848
2.6164226774503936
2.676228102266483
2.7307836454533723
1.9263360050836293
0.9887616063320501
1.0892062849914785
1.1829030479990543
1.2825195162980882
1.407690390630077
1.5100252889206638
1.6311572196541224
1.7291453430108161
1.8276355083255478
1.904345784383127
2.002197276322178
2.073706151168868
2.1782378821973065
2.279107962303495
2.3665196487112725
2.4581491669699145
2.5529638191342188
2.6301554434222303
2.6886662378089796
2.7436265230890906
1.9424821627712354
1.0399069109626677
1.141169747143927
1.22606331897124
1.33076699692022
1.4406307741560638
1.546405229776389
1.6628507656170755
1.751536371126874
1.8411838293700902
1.9180215477272065
2.001490284954173
2.0794615554411777
2.176393526225919
2.270531483187951
2.367446461602091
2.464126954154021
2.542328614291175
2.626437955660065
2.6848039236029524
2.738087004533431
1.9359317339572015
1.0098636698669268
1.1082696622351027
1.2092864283097322
1.3075129030841937
1.426414680693676
1.5311434356363587
1.6451056700790017
1.7460209759720935
1.8386197243559188
1.9099340642640807
2.001880204627905
2.075077009040192
2.1761536748650028
2.2804267302960937
2.369318238759415
2.4638345057134425
2.5515645429929834
2.6309887682794013
2.690462961099652
2.746756828972857
1.925196660291148
1.0062136886212474
1.088556049441428
1.1854346859102207
1.2855902850055487
1.403142093119614
1.518807643905646
1.633609538662881
1.7334653188994773
1.8200298284807954
1.9029905484565965
1.992005818755987
2.071877834689206
2.1662531804509753
2.2699432154233046
2.3692013009174473
2.4613629603909475
2.543453138487465
2.620731823181778
2.688079640006908
2.7431846130154867
1.9345407665202607
1.007483358640359
1.091510645541176
1.1991954552071968
1.2861940118613469
1.4082689206172763
1.5153673175485907
1.6358876715163342
1.752333080672203
1.8278257960667466
1.913279526665937
2.0000170317043935
2.078078102380469
2.181415200623457
2.2942867064137307
2.3745628685411617
2.474547990544644
2.556533987145369
2.6331469538916905
2.703326335584006
2.7575543692391267
1.921542419172317
0.9860486828597886
1.0840698837129585
1.184848303347655
1.2805840486349784
1.391124088759525
1.5080432379040651
1.6235202156199517
1.7222568618409688
1.817023574981044
1.90134206371392
1.9933757084614754
2.071954122829186
2.167437421756365
2.279045040724951
2.3653857100043156
2.4658466976001505
2.5397532753781427
2.6229728614129852
2.6853353529586808
2.740881230945235
1.9401121333676783
1.0210641375052252
1.1399439832622873
1.2024384287290792
1.31252987396247
1.4306702123838688
1.5405571013101191
1.6386936178840783
1.7509423548909229
1.8369459049645378
1.9152190250769778
2.0091040371564484
2.088158358625577
2.186223386339362
2.2861545121242175
2.3696730271278206
2.4642524247103927
2.546296119852685
2.6212897011870817
2.6945499808951174
2.747536479365304
1.9458122887953775
1.0394587955913492
1.1224691890444258
1.2109177894836682
1.3106432537395587
1.4334386064152005
1.5338728733637383
1.6630368123936148
1.759914648033937
1.843881346812793
1.9173157065598287
2.020757111143286
2.096496413298433
2.1883942505512124
2.287384068135887
2.3806454266034667
2.4721959410257024
2.557232523092614
2.6327236788119013
2.6925540694480956
2.7529132723588385
1.941560919139458
1.02142755521307
1.1268668004034699
1.1958121791592693
1.3112444136566828
1.4262534552956925
1.5367703335742238
1.658102562603581
1.7527123415972257
1.841683926471897
1.923500379083294
2.009820838431309
2.0849983060645676
2.179402128250698
2.287871797910551
2.3827878564337066
2.4756279779816963
2.5512798405172994
2.6268657306260854
2.689963978346688
2.7482259811681575
1.9357836729245572
1.0032905520608637
1.0900319652886692
1.193144218402069
1.2905575428551606
1.4157625396958866
1.527209680195972
1.647654021561856
1.7346566987295982
1.8372728612726161
1.9067274885113148
2.0079373607436066
2.0831114237726354
2.182020666023399
2.2886262828585524
2.384543076234685
2.468702517091142
2.5573258064584183
2.644212393145672
2.697736603215774
2.7551497603732584
1.9726971537547437
1.086482425098188
1.1736203211704261
1.2757673206406994
1.364295759405357
1.4667111670898867
1.579624502896427
1.6888989569668076
1.7787565859959915
1.8690689042600082
1.9396910156844265
2.0318241056849518
2.101264510896015
2.209167623104883
2.303184264128185
2.389265246823661
2.4933016602864417
2.567205688128784
2.655793701138695
2.7116357359305425
2.7683835797644987
1.9574020372117082
1.0378293945969412
1.14254087217423
1.2264725500513707
1.3300545393632752
1.442654268517506
1.56071212866765
1.657560749218931
1.7637806268432756
1.8566947147789585
1.9328441196116188
2.0275980392545767
2.092922456806765
2.208579862544157
2.3096249278043346
2.3819716423713926
2.4878679282835114
2.572340641760377
2.6459516223571597
2.70852958577166
2.761510073456475
1.91437972232419
0.9771177345332837
1.0834485860124803
1.1719506420971761
1.2749652493590076
1.3908364339593433
1.4906887397786472
1.6212526373452572
1.7223611636776424
1.8117765523888296
1.8949227272890325
1.9902273737821516
2.067115185546727
2.1637097080735277
2.2683151468678115
2.353839229369656
2.451001804300379
2.534057286787459
2.6217189448217906
2.670879623324171
2.7274096771694247
